Size Input Vectors = 4
0.8 0.74 0.44 0.56
0.8 0.74 0.44 0.56
0.8 0.74 0.44 0.56
0.8 0.74 0.44 0.56
0.8 0.74 0.44 0.56
0.8 0.74 0.44 0.56
0.8 0.74 0.44 0.56
0.8 0.74 0.44 0.56
0.8 0.74 0.44 0.56
0.8 0.74 0.44 0.56
0.8 0.74 0.44 0.56
0.8 0.74 0.44 0.56
0.8 0.74 0.44 0.56
0.8 0.74 0.44 0.56
0.8 0.74 0.44 0.56
0.8 0.74 0.44 0.56
0.8 0.74 0.44 0.56
0.8 0.74 0.44 0.56
0.8 0.74 0.44 0.56
0.8 0.74 0.44 0.56
0.8 0.74 0.44 0.56
0.8 0.74 0.44 0.56
0.8 0.74 0.44 0.56
0.8 0.74 0.44 0.56
0.8 0.74 0.44 0.56
0.8 0.74 0.44 0.56
0.8 0.74 0.44 0.56
0.8 0.74 0.44 0.56
0.8 0.74 0.44 0.56
0.8 0.74 0.44 0.56
0.8 0.74 0.44 0.56
0.8 0.74 0.44 0.56
0.84 0.56 0.34 0.46
0.55 0.55 0.33 0.25